+998 33 651 31 24
+998 33 677 41 04
+998 33 566 62 04
+998 33 742 82 45
+998 62 299 67 26
+998 33 554 13 04
+998 55 909 84 80
+998 90 474 95 41
+998 90 061 55 33
+998 88 796 23 94
+998 33 571 33 62
+998 33 404 57 99
+998 33 301 37 38
+998 88 117 73 49
+998 33 211 04 23
+998 55 906 58 43
+998 55 909 42 11
+998 33 835 00 54
+998 62 299 75 40
+998 88 621 52 65
+998 88 895 68 28
+998 88 605 56 87
+998 71 982 19 12
+998 33 124 79 13
+998 88 636 74 68
+998 55 903 88 20
+998 33 297 52 01
+998 55 503 78 37
+998 33 230 79 78
+998 61 298 46 75
+998 98 094 42 10
+998 55 909 55 39
+998 98 572 22 97
+998 91 657 21 33
+998 33 946 08 67
+998 88 880 65 46
+998 55 503 26 39
+998 88 028 69 47
+998 33 081 08 97
+998 33 772 60 80
+998 88 694 22 74
+998 55 909 16 05
+998 55 906 26 75
+998 94 727 45 55
+998 55 503 73 82
+998 33 817 92 84
+998 74 988 20 94
+998 88 996 44 49
+998 33 943 90 87
+998 33 849 80 58